0.0000000000000000e+00 -7.5197581112866523e+00 -7.5197581112866532e+00 8.8817841970012523e-16
9.2399783929111565e-02 7.8211813005277153e-01 7.8211813005277042e-01 1.1102230246251565e-15
1.8479956785822313e-01 -5.4883333925630726e+00 -5.4883333925630708e+00 1.7763568394002505e-15
2.7719935178733468e-01 4.7339264968367925e+00 4.7339264968367907e+00 1.7763568394002505e-15
3.6959913571644626e-01 -1.9516736670987736e+01 -1.9516736670987733e+01 3.5527136788005009e-15
4.6199891964555784e-01 3.5244381039843908e+00 3.5244381039843913e+00 4.4408920985006262e-16
5.5439870357466936e-01 1.0694801380520249e+00 1.0694801380520254e+00 4.4408920985006262e-16
6.4679848750378088e-01 3.7650396680239622e+00 3.7650396680239648e+00 2.6645352591003757e-15
7.3919827143289252e-01 -4.6640809040271414e-01 -4.6640809040271880e-01 4.6629367034256575e-15
8.3159805536200404e-01 1.1657523725138235e+00 1.1657523725138226e+00 8.8817841970012523e-16
9.2399783929111567e-01 -2.4262613059830391e+00 -2.4262613059830338e+00 5.3290705182007514e-15
1.0163976232202270e+00 7.9946849733348335e+00 7.9946849733348575e+00 2.3980817331903381e-14
1.1087974071493387e+00 -1.5786552051245066e+00 -1.5786552051245202e+00 1.3544720900426910e-14
1.2011971910784505e+00 3.4248410176378670e+00 3.4248410176378465e+00 2.0428103653102880e-14
1.2935969750075618e+00 -1.0480297341124387e+00 -1.0480297341124607e+00 2.1982415887578100e-14
1.3859967589366733e+00 -3.2776935732043744e+00 -3.2776935732043402e+00 3.4194869158454821e-14
1.4783965428657850e+00 9.3885731002198713e-01 9.3885731002197970e-01 7.4384942649885488e-15
1.5707963267948966e+00 -5.5800884425711095e+00 -5.5800884425711184e+00 8.8817841970012523e-15
1.6631961107240081e+00 1.5121165665705472e+00 1.5121165665705432e+00 3.9968028886505635e-15
1.7555958946531196e+00 5.7436589884386491e-03 5.7436589884572037e-03 1.8554602299047929e-14
1.8479956785822313e+00 2.2908141781588283e+00 2.2908141781588189e+00 9.3258734068513149e-15
1.9403954625113429e+00 -1.3020819517150802e+01 -1.3020819517150807e+01 5.3290705182007514e-15
2.0327952464404540e+00 2.3108169873402482e+00 2.3108169873403313e+00 8.3044682241961709e-14
2.1251950303695657e+00 -1.1948368312341562e+00 -1.1948368312341939e+00 3.7747582837255322e-14
2.2175948142986774e+00 -2.3559915348428762e+00 -2.3559915348428633e+00 1.2878587085651816e-14
2.3099945982277892e+00 -1.9328607339655282e+00 -1.9328607339655228e+00 5.3290705182007514e-15
2.4023943821569009e+00 -2.3920362747211499e+00 -2.3920362747211650e+00 1.5099033134902129e-14
2.4947941660860122e+00 3.8250451513854551e+00 3.8250451513854657e+00 1.0658141036401503e-14
2.5871939500151235e+00 5.7771362040839671e+00 5.7771362040838987e+00 6.8389738316909643e-14
2.6795937339442353e+00 -1.7296179178933468e+01 -1.7296179178933489e+01 2.1316282072803006e-14
2.7719935178733466e+00 -7.2355354547817239e+00 -7.2355354547816102e+00 1.1368683772161603e-13
2.8643933018024583e+00 4.4903957969174062e+00 4.4903957969173529e+00 5.3290705182007514e-14
2.9567930857315701e+00 -1.6759529670418473e+01 -1.6759529670418491e+01 1.7763568394002505e-14
3.0491928696606818e+00 -5.8038119226509064e+00 -5.8038119226508966e+00 9.7699626167013776e-15
3.1415926535897931e+00 -4.8183807974977775e+00 -4.8183807974977730e+00 4.4408920985006262e-15
3.2339924375189044e+00 1.5977917965008182e-01 1.5977917965011779e-01 3.5971225997855072e-14
3.3263922214480162e+00 -6.1636048403529244e+00 -6.1636048403529626e+00 3.8191672047105385e-14
3.4187920053771279e+00 -1.0256446610214606e+01 -1.0256446610214592e+01 1.4210854715202004e-14
3.5111917893062392e+00 7.1688390863228317e+00 7.1688390863228006e+00 3.1086244689504383e-14
3.6035915732353510e+00 2.3508989020643325e+00 2.3508989020643409e+00 8.4376949871511897e-15
3.6959913571644627e+00 1.2495375960141885e+01 1.2495375960141875e+01 1.0658141036401503e-14
3.7883911410935736e+00 1.0285896136328283e+01 1.0285896136328214e+01 6.9277916736609768e-14
3.8807909250226857e+00 -2.1358981239701857e+00 -2.1358981239701702e+00 1.5543122344752192e-14
3.9731907089517970e+00 -5.3533097030792884e+00 -5.3533097030792796e+00 8.8817841970012523e-15
4.0655904928809079e+00 -3.7285281859812236e+00 -3.7285281859813444e+00 1.2079226507921703e-13
4.1579902768100201e+00 -1.4161149381697282e+01 -1.4161149381697257e+01 2.4868995751603507e-14
4.2503900607391314e+00 3.6914439584208614e+00 3.6914439584209608e+00 9.9475983006414026e-14
4.3427898446682436e+00 2.4313626042542000e+00 2.4313626042542018e+00 1.7763568394002505e-15
4.4351896285973549e+00 1.5633972033908736e+00 1.5633972033908130e+00 6.0618177144533547e-14
4.5275894125264662e+00 -1.2307726315902951e+01 -1.2307726315902945e+01 5.3290705182007514e-15
4.6199891964555784e+00 1.3945068580949837e+01 1.3945068580949794e+01 4.2632564145606011e-14
4.7123889803846897e+00 2.4913238602101559e+00 2.4913238602101031e+00 5.2846615972157451e-14
4.8047887643138019e+00 5.2804530911360059e+00 5.2804530911358363e+00 1.6964207816272392e-13
4.8971885482429132e+00 7.7920230575650793e+00 7.7920230575651148e+00 3.5527136788005009e-14
4.9895883321720245e+00 -5.5550451984951712e+00 -5.5550451984951081e+00 6.3060667798708891e-14
5.0819881161011367e+00 1.7839813509228086e-01 1.7839813509237379e-01 9.2925667161125602e-14
5.1743879000302471e+00 1.1886358149913439e+00 1.1886358149914800e+00 1.3611334281904419e-13
5.2667876839593584e+00 1.2214237454505586e+01 1.2214237454505572e+01 1.4210854715202004e-14
5.3591874678884706e+00 6.6721704998742384e+00 6.6721704998743014e+00 6.3060667798708891e-14
5.4515872518175819e+00 6.4471419252962185e+00 6.4471419252962807e+00 6.2172489379008766e-14
5.5439870357466932e+00 -2.6180311530857452e+00 -2.6180311530857336e+00 1.1546319456101628e-14
5.6363868196758053e+00 3.2222605061393863e+00 3.2222605061394320e+00 4.5741188614556449e-14
5.7287866036049166e+00 1.6624456427640585e+01 1.6624456427640524e+01 6.0396132539608516e-14
5.8211863875340288e+00 2.1027708736091255e+00 2.1027708736091575e+00 3.1974423109204508e-14
5.9135861714631401e+00 -2.6214156978893293e+00 -2.6214156978893595e+00 3.0198066269804258e-14
6.0059859553922514e+00 1.8958506911051920e+00 1.8958506911052324e+00 4.0412118096355698e-14
6.0983857393213636e+00 5.2650204923855579e+00 5.2650204923855455e+00 1.2434497875801753e-14
6.1907855232504749e+00 -1.7331034279066884e+00 -1.7331034279066768e+00 1.1546319456101628e-14
0.0000000000000000e+00 2.9409357915353374e-02 2.9409357915353151e-02 2.2204460492503131e-16
9.2399783929111565e-02 -6.7989430088672362e+00 -6.7989430088672371e+00 8.8817841970012523e-16
1.8479956785822313e-01 -1.6156778543326757e+00 -1.6156778543326742e+00 1.5543122344752192e-15
2.7719935178733468e-01 -3.1486037227469277e+00 -3.1486037227469241e+00 3.5527136788005009e-15
3.6959913571644626e-01 6.5533030831030270e-01 6.5533030831030281e-01 1.1102230246251565e-16
4.6199891964555784e-01 3.6693169096272142e+00 3.6693169096272147e+00 4.4408920985006262e-16
5.5439870357466936e-01 2.4515383294812731e-02 2.4515383294811510e-02 1.2212453270876722e-15
6.4679848750378088e-01 6.8313889999794952e-01 6.8313889999794986e-01 3.3306690738754696e-16
7.3919827143289252e-01 4.5794166706838597e+00 4.5794166706838526e+00 7.1054273576010019e-15
8.3159805536200404e-01 -4.8163469788150799e+00 -4.8163469788150834e+00 3.5527136788005009e-15
9.2399783929111567e-01 -3.8155303764658552e+00 -3.8155303764658579e+00 2.6645352591003757e-15
1.0163976232202270e+00 -3.3667187788454327e+00 -3.3667187788454722e+00 3.9523939676655573e-14
1.1087974071493387e+00 -2.4929862080323968e+00 -2.4929862080323915e+00 5.3290705182007514e-15
1.2011971910784505e+00 1.1891264500007560e+01 1.1891264500007546e+01 1.4210854715202004e-14
1.2935969750075618e+00 -4.4756905767315240e+00 -4.4756905767315498e+00 2.5757174171303632e-14
1.3859967589366733e+00 -7.1263189753206406e+00 -7.1263189753206380e+00 2.6645352591003757e-15
1.4783965428657850e+00 -3.6940083821377012e+00 -3.6940083821377057e+00 4.4408920985006262e-15
1.5707963267948966e+00 -1.0686202358722387e+01 -1.0686202358722378e+01 8.8817841970012523e-15
1.6631961107240081e+00 3.2050795121925241e-01 3.2050795121926345e-01 1.1046719095020308e-14
1.7555958946531196e+00 2.5022374087549419e+00 2.5022374087549299e+00 1.1990408665951691e-14
1.8479956785822313e+00 -1.3628058196741739e+01 -1.3628058196741728e+01 1.0658141036401503e-14
1.9403954625113429e+00 -9.7301329524031459e+00 -9.7301329524031441e+00 1.7763568394002505e-15
2.0327952464404540e+00 -1.1380744630109987e+01 -1.1380744630109961e+01 2.6645352591003757e-14
2.1251950303695657e+00 -1.1690582591949821e+00 -1.1690582591949497e+00 3.2418512319054571e-14
2.2175948142986774e+00 -2.4197717374718133e+00 -2.4197717374718186e+00 5.3290705182007514e-15
2.3099945982277892e+00 7.7235892610696721e-01 7.7235892610696633e-01 8.8817841970012523e-16
2.4023943821569009e+00 -2.1326221388314939e+00 -2.1326221388314699e+00 2.3980817331903381e-14
2.4947941660860122e+00 5.1285702892867890e+00 5.1285702892868263e+00 3.7303493627405260e-14
2.5871939500151235e+00 1.7256607255859738e+01 1.7256607255859727e+01 1.0658141036401503e-14
2.6795937339442353e+00 3.6008782222754125e+00 3.6008782222753921e+00 2.0428103653102880e-14
2.7719935178733466e+00 4.2882948095136157e+00 4.2882948095136584e+00 4.2632564145606011e-14
2.8643933018024583e+00 3.9325355555901700e+00 3.9325355555901584e+00 1.1546319456101628e-14
2.9567930857315701e+00 -1.2076676754910451e+00 -1.2076676754910480e+00 2.8865798640254070e-15
3.0491928696606818e+00 4.7339341803052992e+00 4.7339341803052903e+00 8.8817841970012523e-15
3.1415926535897931e+00 -5.3220807526607246e+00 -5.3220807526607388e+00 1.4210854715202004e-14
3.2339924375189044e+00 6.1692004465231669e+00 6.1692004465232291e+00 6.2172489379008766e-14
3.3263922214480162e+00 1.7746535464226798e+00 1.7746535464226072e+00 7.2608585810485238e-14
3.4187920053771279e+00 -9.4193439652168864e-01 -9.4193439652168154e-01 7.1054273576010019e-15
3.5111917893062392e+00 6.8495019695698245e+00 6.8495019695697916e+00 3.2862601528904634e-14
3.6035915732353510e+00 -7.8224334276668470e+00 -7.8224334276668763e+00 2.9309887850104133e-14
3.6959913571644627e+00 -1.3073164958705381e+00 -1.3073164958705625e+00 2.4424906541753444e-14
3.7883911410935736e+00 -7.1394340165220376e+00 -7.1394340165220047e+00 3.2862601528904634e-14
3.8807909250226857e+00 6.8037462426680362e+00 6.8037462426680602e+00 2.3980817331903381e-14
3.9731907089517970e+00 3.1021923631480148e+00 3.1021923631479655e+00 4.9293902293356950e-14
4.0655904928809079e+00 1.7631166576851296e+00 1.7631166576852495e+00 1.1990408665951691e-13
4.1579902768100201e+00 2.8673161648200942e+00 2.8673161648200827e+00 1.1546319456101628e-14
4.2503900607391314e+00 2.5568862616618898e-01 2.5568862616630694e-01 1.1796119636642288e-13
4.3427898446682436e+00 9.2415854283874577e+00 9.2415854283874488e+00 8.8817841970012523e-15
4.4351896285973549e+00 -4.0738941110421170e+00 -4.0738941110421276e+00 1.0658141036401503e-14
4.5275894125264662e+00 6.3697161195962444e+00 6.3697161195962853e+00 4.0856207306205761e-14
4.6199891964555784e+00 -9.0903480286329632e+00 -9.0903480286329330e+00 3.0198066269804258e-14
4.7123889803846897e+00 -6.4540224007435878e+00 -6.4540224007435576e+00 3.0198066269804258e-14
4.8047887643138019e+00 -3.0423085552700622e+00 -3.0423085552700231e+00 3.9079850466805510e-14
4.8971885482429132e+00 5.8295133918918545e+00 5.8295133918917994e+00 5.5067062021407764e-14
4.9895883321720245e+00 7.1317709924571195e+00 7.1317709924571195e+00 0.0000000000000000e+00
5.0819881161011367e+00 2.6021780454008407e+00 2.6021780454008607e+00 1.9984014443252818e-14
5.1743879000302471e+00 -2.6251573731107314e+00 -2.6251573731108291e+00 9.7699626167013776e-14
5.2667876839593584e+00 -1.0462922922634036e+01 -1.0462922922633902e+01 1.3322676295501878e-13
5.3591874678884706e+00 -8.6753219173245788e-01 -8.6753219173243545e-01 2.2426505097428162e-14
5.4515872518175819e+00 -8.6004449753614924e+00 -8.6004449753614569e+00 3.5527136788005009e-14
5.5439870357466932e+00 1.1635645832481845e+01 1.1635645832481917e+01 7.1054273576010019e-14
5.6363868196758053e+00 -1.9504789846854491e+00 -1.9504789846855135e+00 6.4392935428259079e-14
5.7287866036049166e+00 -1.0165908465141626e+01 -1.0165908465141563e+01 6.3948846218409017e-14
5.8211863875340288e+00 9.4539185532237084e+00 9.4539185532236658e+00 4.2632564145606011e-14
5.9135861714631401e+00 5.3946702007137946e+00 5.3946702007137972e+00 2.6645352591003757e-15
6.0059859553922514e+00 -1.2438134490347176e+01 -1.2438134490347172e+01 3.5527136788005009e-15
6.0983857393213636e+00 -3.7406262883951307e+00 -3.7406262883951107e+00 1.9984014443252818e-14
6.1907855232504749e+00 1.7672210112136664e+00 1.7672210112136697e+00 3.3306690738754696e-15
